7812972
3508507
1847989
1743147
788919
573574
592269
519944
359253
351630
267187
357433
248627
323407
262072
194550
184632
174003
187283
145345
128840
105662
103590
78527
69817
61701
70427
53553
46893
56191
74322
56037
57740
54875
51113
46796
59496
48181
38516
41310
36112
40058
29285
35333
37153
32599
30743
27277
31411
28025
22952
33345
33724
29279
30004
32448
37857
44700
34098
30772
36313
32296
37809
31360
30085
28169
29200
25471
26187
32078
28533
22676
23428
20467
21574
18605
17453
18578
17256
18086
15961
18355
22456
23040
39164
71878
33006
186848
73506
93532
87047
86806
71956
62704
46298
36875
37467
36390
35927
34641
33619
32147
30442
29967
41823
31627
32191
32117
37598
35247
36711
43291
30207
26694
23759
27262
22969
23150
19554
18085
19124
18299
19196
23635
28455
26482
21267
21018
22202
23912
19528
17885
18197
26238
22879
21116
19724
20129
18696
15401
16930
25643
16264
22082
14203
14372
15264
17176
17441
17670
19589
18748
20540
21913
18653
19703
20691
21217
22105
25579
25513
28130
28432
35973
31187
26709
27323
27076
28553
27657
27648
26826
29718
28286
29202
34372
36896
37531
39400
43743
47503
46024
51092
55992
60608
60831
62509
78522
44466
44161
46366
59618
64552
68166
86066
122735
133219
182243
314590
784055
